-0.391757447676
0.557119389568
-0.28906119874
0.144364143233
0.860574591043
0.895291082562
0.267381957242
-1.63654779899
-0.525605580335
0.323289114102
-0.0323120687153
2.54089269423
-0.119774533429
0.432634555416
0.523993793422
0.0558754849198
0.6252295646
2.44678071805
-0.962845788469
0.121455576914
-0.0818247385085
0.313963496918
0.143264509299
0.0858762440352
0.955340139716
2.03254762804
1.51444471578
-1.45888578607
-0.811193453406
-0.285913676729
-0.599828734248
0.699556365775
-0.517566057439
0.547618703814
0.718239202903
0.371633524399
1.51432530903
-0.0400581115041
-1.11408325121
-0.271664103312
-0.148435428913
0.543976091639
1.88370084421
0.0356453338117
-0.129653186417
-0.520417411986
0.127630344844
-1.28090071577
0.371079218821
1.08077651341
1.46146814769
-2.16850261669
1.05298752678
1.71185390743
-0.441046900255
-1.5403823709
0.946305370664
-0.919283988181
-1.79844079887
0.496559136825
1.22204631904
-0.217673122467
1.92847673493
-0.152673300203
0.338329105581
0.107264080526
-1.27595178984
0.589245556625
0.787404462208
-0.457763997705
-3.40059759799
-0.651675847508
-0.35949883031
1.27193034515
-0.817957548069
0.605193213905
-0.112199516619
-1.53432671611
-0.516715001674
1.73036822865
1.07926796851
0.240488504121
-2.10991195962
1.61348768265
-1.19823904907
1.36372244894
0.291219351813
0.358751182219
-0.956673822697
1.99671232383
0.639724263878
1.0459973728
1.2498311438
1.61774686279
1.9422612478
-0.11794944721
-0.405153969768
-1.38420429833
-2.26624616572
-1.03674456549
-0.768167629014
1.41651648026
0.171832277806
0.403673634747
-0.0553646314902
0.253838719397
2.10510095954
-0.135793704817
0.797899856641
-0.972338342705
0.820968215315
1.30842994618
0.44769528996
-0.0881452682409
-0.99632668474
0.362619095271
-0.996797687847
-0.0132367736043
1.29360488352
-1.37759959455
-1.24253546173
0.394070780428
0.4095935194
-0.69120167984
1.94459279249
-0.274106403327
0.217201244499
0.29599822365
2.6431528572
-1.05897647943
0.549022101514
-2.43360442835
1.20683939335
-0.00286813740988
0.563331265696
0.415392407897
0.51943682302
0.734621009884
0.785083230303
-0.464183759163
-1.14748656127
0.888830342312
0.774498738888
-0.456559478148
-0.305412652228
-0.891279568872
0.190123210846
0.421832048717
-0.290627979294
-0.0914854971767
0.816427449479
-0.73553253256
-0.060366721999
0.0542108693226
1.17637676755
0.800833401572
-0.490286841106
-1.13687132561
-1.41890529098
0.210688870734
0.67780297472
1.27432379809
-0.610619661086
-1.72424452059
0.42075222395
0.117774818823
-0.642442965783
0.836954851436
-0.409320822818
0.821853328029
0.149065279083
0.729477622052
0.353490121131
0.259069794257
-1.53178520429
-0.103820767528
-0.660897591496
1.07553526578
-0.20797272491
0.457153319252
0.638421533543
-1.04655431913
1.28176122886
0.7897222176
-0.91991136542
-1.25035001416
1.09851353941
-0.0809268248753
0.863238891536
-0.00626473553733
-0.840464445301
0.111130372593
-2.03137834157
0.0143918618887
-1.73571285465
0.534670003613
0.025168483801
-1.31998041237
0.871124988162
-1.52452256984
2.21281119955
1.49940780834
1.53004793831
-0.488067032985
0.310973447848
0.241878620448
1.18112248318
-1.02443413444
0.137224912433
-0.622052365266
0.773882070692
1.20233529791
0.835045641849
-1.687927541
-0.537735137412
-0.484832888147
0.0579612904848
0.288756459827
-0.772291312045
-0.928726110439
1.06411713703
-0.845981535655
-0.705732900648
0.527651380152
0.409452229993
-0.681290580722
1.84218133682
-0.419811204351
-1.43869630366
-0.65354553027
0.781957141989
1.23993802207
0.764738315553
-0.559167721524
-0.413936318714
-0.418391522034
0.837787299562
1.23256447641
-1.91997369913
-0.556572947232
0.496093227541
0.288002547495
-0.904881624974
-0.640000502103
-2.60755625241
-0.16469031338
0.0316350165402
-1.69030190406
-1.13726013539
0.465995771796
-0.815678442994
-0.853955376367
-0.127137183768
-0.454090654403
1.30157224143
-1.45396660284
0.796554732351
-0.379593476413
-0.381350436296
0.103279304848
1.24141793145
0.78341850358
-0.000164542393021
-0.944806449482
-0.143178921394
-0.176429041564
0.474993369266
-1.15764290323
-2.18547521948
-1.69195260555
-0.0236762592474
0.481722877843
0.184933251635
0.725356377024
-1.04667697504
0.36729533377
-1.52646165368
-0.582399695284
0.542437966125
-0.154371253596
0.0054720829873
-0.441005721449
0.0908452470398
1.29024732875
-0.608926972875
-1.16176438507
-0.851518362842
-0.976283069013
-0.62443121953
1.15477332445
0.34042230357
-0.333537791322
-0.118199840221
1.92835899801
0.767549447919
1.63129540924
0.158421580915
-1.6708616218
0.111062383097
0.790981156937
-0.134592345563
-2.37168677124
-0.549140916044
-1.8117956364
0.341222589943
0.688134508121
-0.427282845089
-2.98621742258
-0.136386280791
2.31171549632
-1.10334387959
1.41875369185
-0.58358429911
0.382292096583
-0.972501902425
0.800881806979
1.01160350406
-0.583032896891
-0.315117854833
-1.30329360467
0.522463327225
0.416503207657
0.266121038308
-1.13163396911
0.42916117731
0.431171924268
-0.247417113273
-0.75576163167
-0.361349160646
0.826584594608
-0.248837456205
1.32187677381
-0.390905535958
-2.14571803533
-0.383526553831
0.877956486076
-0.100439671711
-0.0427639361697
-1.10897114911
-0.521123639467
0.273671455112
1.20132460439
0.45865922399
-0.40090097795
0.0618556565477
0.0251036451311
0.591600026317
-1.00428090882
-1.75456765154
-0.0145324569377
-0.537829858022
0.709437133076
-0.698490457365
0.0327945521934
-1.01830692724
-0.0107291721352
1.43864592376
-0.043800934951
-0.2065952593
-0.450519933656
-0.270101913175
-0.503496629159
0.257263444959
-1.18382110961
0.656258623985
0.0951780915264
-0.277947104182
0.332495374251
0.0761594995
1.89715260088
1.60695271681
-0.405643034523
-0.248967656159
0.895359117253
-1.91872761678
-0.0679179336731
-1.41251109549
1.72940065918
-1.63368054947
0.961352365953
-0.325757312822
-1.09545779714
0.610419212153
0.534339464739
0.201599177797
0.998658061355
-0.632126989095
0.0864028730005
1.15600481443
0.0236138505524
0.748036462009
0.0589479651722
-1.20397724724
-0.30298676276
-0.205934333148
-0.697365586258
0.434172594914
-0.148541027207
-0.140199183072
-0.141462378817
1.68380352224
2.22709214087
-0.916220490832
-0.493148735066
-1.03276396714
0.161796673345
1.07680497463
1.12776636664
0.350914553359
0.0884391107229
-1.05581286282
1.11355694227
0.00295679840073
-0.419392020651
0.0634816020198
-0.0778753709984
0.44297087431
-0.651447716641
-0.0780445181561
-1.23611400049
0.159967154096
0.208661951859
0.79295895979
1.77255740998
0.354586606813
0.581469052943
-0.784885436719
2.11503173756
-0.00821768843607
0.314643163839
-0.80762451725
-0.0757474250833
1.30035248569
1.34740028786
-0.978735754295
-0.67324778729
1.01710337595
-0.659377344372
0.0482916638486
-1.72431439916
-0.200757982954
2.03705031447
-0.142122209669
0.554891712446
0.112440859721
1.1525110651
0.0635225318203
0.0443771382183
-0.0515567202297
0.514189478141
1.11127684439
1.44750053623
-1.40501368132
-0.218581418144
-0.5237159905
0.64377062326
-2.33897098388
0.780356718472
0.0401063002719
-0.537419932471
-0.897846748284
0.51053973231
-0.340610892274
0.575024768216
0.288046552381
1.76046433101
0.931819566932
0.354159499257
1.45589946502
-0.0615767911749
0.643167710536
1.61213836325
-0.899416952627
-0.126483206946
-0.358490984657
-0.692319296951
0.398917242022
-0.449862140918
-1.44362265682
1.86937436633
1.16813841457
-0.510146664104
-0.187791473119
-1.19012905956
-1.18771461836
1.27598721003
1.93977903586
0.763951989037
-0.538478904942
-0.606733314421
-0.322142428747
-0.184119860104
0.279183682255
0.106452853921
0.201910558022
-0.101599456881
0.348172366686
0.454853939993
-0.336275294313
1.84209437717
0.271783359325
-0.798927127421
0.824763530768
-0.557120381573
0.256670208791
-0.477695545534
-0.274695797199
1.50650739669
0.50641548045
-0.689523151359
0.894235454198
0.881160376852
1.00481921324
0.318509599945
1.17629756644
-1.28076418944
-0.0340102089145
0.585555981418
-1.12206689818
0.71167008386
-0.380783906165
0.694600496354
-0.8490325539
-1.1150407347
-0.904361530452
0.921738775824
0.970742774431
0.0799109344891
-0.608894531355
-0.899638415353
-0.67538476065
-0.159614785586
0.247897619853
-0.84602893234
-0.847426997089
0.771011174182
-0.801385994631
-0.0606978133589
-1.06704397923
-0.518166917555
0.324081887459
0.600201070229
-0.608153538856
0.789066344043
-0.0609539987279
0.843728812507
-1.23071724314
1.09003416244
0.307501152399
-1.58950385932
-0.356643752996
-0.673086135156
2.01241991708
1.57827202499
0.224659484691
-0.68373623812
-0.25151695658
0.894073835178
0.80374579922
-1.85120280838
1.53316950418
-2.26140196241
-1.6376681742
0.186269411227
0.0601954905707
0.296000090698
0.955751308219
-1.02808583263
0.979643826899
-0.130028184603
-1.71100417137
-0.674946078109
-1.01280109132
0.496586439833
0.336484200682
0.702205414096
0.0038587324918
-1.6088024671
1.24821807661
0.107757678349
0.466874449423
-0.436232575398
0.618124426556
-1.97395064552
1.02312150095
-0.431118474795
2.24018740805
1.02898146588
-0.975548668714
-1.69638327329
0.118435333616
-0.477775778474
0.098989062439
0.717542758977
0.480690698403
0.168059969066
-0.717432250957
-0.408126544249
0.739500876479
-0.634276521352
1.57657040056
-0.128177318063
0.252084291045
-0.811071932261
-0.496008711029
-0.720054877867
-1.18689095771
0.277362507454
0.478685236078
-0.688881417846
0.188429983554
-0.368446464042
-2.06104902132
0.499531827007
-0.327461337532
-1.36889678227
-1.75813134717
0.41406052071
0.197146465353
0.95413145026
0.712637742041
-0.613031209804
1.65852211533
-1.02663162104
1.03467648496
-0.142757292004
1.18483404263
-1.09148912087
0.0520452020691
0.999347953552
0.0289026782343
0.580285077923
0.448115549833
-0.445139642978
-0.0608209144185
-0.43688816932
-1.48435951848
-0.144256027342
-0.391762557634
-0.308479984456
0.174684966673
0.1297903559
-0.134123506609
-0.107462527844
-0.82296729427
0.291047272719
2.75822273451
-0.872955695916
0.0730428861398
0.169290350871
0.609410556991
0.430888840702
1.32594224147
-0.411475836442
0.794158870872
-0.748181523604
0.271326525426
-1.29937774697
0.249080406113
-0.217345292647
-2.0071616566
-1.14450533254
0.0577833695314
-0.193354354485
0.704422371373
-0.369207036214
-0.162839661688
1.41817640961
0.223247610389
0.482904000833
-0.632544659007
1.06570017352
0.0219666766555
-0.0989356379894
-1.10835006734
-0.639154221751
0.575299136108
-0.10355918731
-0.987955801852
-0.286694369624
0.555468172009
1.80838373696
0.40588121283
0.0642282831405
-0.206098862499
-0.499271894257
-1.70977386186
0.445604488137
0.327082100725
-0.272881394377
0.947809502641
-0.641260937358
0.811392619598
-0.052595904138
-1.43485284316
-0.367027618736
-0.858798146829
1.01820355495
2.08151800702
-0.609445378245
0.878352494282
0.0188261235419
0.494086361228
1.74013513459
-0.931696843367
-0.752723438275
0.699515429619
0.370989624393
-0.0593606787657
0.129024065263
0.167928384413
1.29659057535
-1.60245334607
-0.599563889369
-0.241236455763
-2.0765155486
0.029175989963
0.249658872857
0.317792280342
1.63787518003
-0.460966781427
-0.901826704907
0.317855430778
1.50871841268
-0.0140598966514
1.44600302378
-0.79551409437
-1.29978642919
0.0218221918781
0.63506612416
1.01927397076
-1.46976672201
0.0444510591562
0.0789436566419
0.177755881647
-0.556035609307
0.937734675437
0.371504580042
-0.670565641905
0.270729909422
0.293348245304
1.44475339888
-0.137375870379
0.887338450296
-1.45444278868
0.454390953963
-1.05220874335
-0.151890974843
-0.567245652394
-0.388880244459
-0.145237259466
-0.203432750176
0.930097598611
1.65808387682
0.29278916157
0.390563597531
0.665950353938
0.869211606184
1.71961124352
0.061459614259
0.64172776777
-0.316166838662
0.695867586482
1.39960271584
-0.701969363774
-1.01466303294
0.281891838091
-0.785541260572
1.34743281787
1.71937540073
0.552651271752
-0.283291727681
1.29781686557
-1.53794887634
0.662941409749
0.517801372507
-0.758205595137
1.27914674398
-0.159778520592
-0.896831992379
-1.28241223259
-0.0796115706057
-0.548850040137
-3.27264098694
-0.309347766374
0.528219615223
0.0391398863778
0.422859268081
2.333911168
0.378465073932
-0.124155694223
1.99840566318
1.07530396388
-0.871969434422
0.500749922164
1.6428669462
-0.916352011712
-1.29292322187
0.974800658599
1.55790756022
1.46286030964
0.508092743318
-0.153052223412
0.558995191765
1.77661910943
0.385516833255
-0.835809604558
0.791510036983
-0.369266573768
2.38586955721
1.12778826714
-0.438535117882
0.364624513522
0.450454619795
0.45478036099
0.954843698023
3.25243579956
-3.17740858164
-0.905985437924
-0.905404533253
-1.22250492259
0.16336263261
-1.53397061776
-0.982050816404
-1.36905378676
-1.42109345015
0.598021266129
0.913021533222
-1.51401084198
1.07348151138
0.0904281037753
0.549475871478
-1.1237977128
-1.21159789228
0.0139480857763
1.12339661924
2.05478856659
-0.986582880702
1.8772265519
-0.113675175754
-0.794871739972
-1.85571871433
0.536794837924
0.67939608434
0.309065895236
0.0177464526947
-0.954361617365
0.544378726851
-0.795679359166
-0.0555916255049
-1.20445222399
-1.8953156427
0.145787695281
-0.962349096046
-1.72345194837
0.381785648501
-1.66382462997
1.49874506498
0.507620000161
-0.723861872888
-0.124534943338
0.221204264441
-1.65899511518
0.866536580356
1.08831164909
0.979874824403
0.311030577831
0.121766577031
-0.0429519479672
2.57074771797
-1.90855343654
0.782260279386
-1.48162897681
0.623391266941
0.0421937714033
-0.852934933895
-0.825262214331
-0.0728500111735
0.27584654227
-0.120472016826
-1.19516061774
-0.178487825078
-0.115948006721
0.485720852847
1.98740946966
-2.32916239845
0.496574793828
-0.493505920157
1.17718506796
-1.06062419416
-0.0271687860003
0.158117925415
0.860104371056
1.02623393582
-0.541900572005
1.37766975308
-0.68978254862
-0.93450910644
-1.211844518
0.792106214624
-1.47044867754
1.10632273343
0.182833411124
0.149548223563
0.0784315355227
0.586262223878
-1.791445217
0.693860373727
-0.745134173565
0.424887728224
0.837117608037
-0.856379406238
-0.821553424223
-2.0100085443
0.235643326759
2.34713390176
0.0730685179705
0.194023609045
-0.670375434023
-0.327593143276
-1.51536732459
-1.55125200987
-0.0832159402573
0.66258304225
0.590274250582
0.481286025193
-0.661592842431
-0.591186470367
1.13367806053
-0.082200525166
-1.33162156897
0.384482768445
-1.79413161492
-0.438619504439
1.18956273485
-0.73326826028
2.42078176325
-1.07421023895
-0.768206161167
-0.883580952734
-1.10562164978
0.652949009106
-1.30465457506
-0.135760666485
-0.320393163314
-2.23708610051
-0.863133508163
-0.251970006015
-0.424518324662
-0.816711619962
-0.611863288897
1.07189930885
-0.883737423264
2.21612072196
1.10980142853
1.59755075296
0.484576216125
-0.676752691277
0.516743358382
-1.14717548431
-0.958827146349
-1.36448464249
-0.496995170853
1.04666996118
-0.555182287672
0.522141896706
-0.469967888228
0.747037786182
-1.2220665793
0.183930357611
0.374801672174
-1.36345603952
0.0628379788712
-0.106988812539
-0.482551877408
-1.00031080664
-0.913458579517
-0.479513868243
0.825289667341
1.29892650995
1.08825933578
1.00958541102
-0.287088974726
1.12958659258
-0.632232291777
0.0793067409542
-0.240918203486
-2.11668498128
1.84571003162
0.502011897608
0.0331200090137
1.46778363127
-1.7690364541
-0.480710571712
0.716867634327
0.579537771067
0.379137044144
-1.0822055729
2.98962656849
0.207539770532
