2.48646564703
2.57021500677
1.05131564844
-2.29163268626
0.360265753614
-0.70458947435
0.0369899437725
2.43217055185
-4.37735686819
0.460100236367
1.1287748555
-2.61651709574
5.81864413949
2.36866052073
2.59552872406
-1.89650816088
-0.0888730815424
-1.33463550139
2.99937492527
0.977917522292
0.768814834784
1.1031763567
-1.77903970352
-2.60041449566
1.88426352781
1.86477500822
1.25204788867
-2.13076818802
0.817086127721
1.53974815679
-3.11712454536
1.27466942713
0.355423714951
-3.11807095092
1.34798641311
-2.48293426289
2.29281704354
-1.34853881387
2.50308598338
-3.43896588395
-1.14908964716
0.00784478629371
3.54130341717
0.987844245903
-1.32673584319
0.623681388149
1.37649954662
-2.11056284889
2.10021693579
-2.99886984471
-1.81357385575
0.148310047458
1.60097358546
0.728818922731
3.31003569822
1.6628282517
-0.633719804111
2.30942814877
1.08527698436
0.378455022418
-0.724461485621
0.86833481497
2.81347592748
1.43437041208
0.325821687253
0.12398432327
-0.586586494554
-4.06511911209
-2.7198017443
-2.68201864161
2.43387783136
0.667621628162
0.279601317283
2.37314476942
-1.32483788174
-2.90632604415
3.44551409639
2.72123069806
1.09032071252
-2.63723217006
3.185769736
0.665649322125
-0.839636085694
-0.203803517339
-3.20673628595
0.268823518193
1.36356127303
-1.13722453433
-0.36345964162
0.704292730327
-1.9582929132
-2.3402631273
3.68785866752
1.127286298
0.741082261251
-1.41668629649
-2.48880679099
-3.74467068092
1.26516868941
-1.80088503037
-1.80298801345
-1.43169516684
3.03787080063
-1.53978376809
0.929625668525
-0.604027682563
-0.818206574912
-0.145217263987
3.93170842399
0.901564927602
-1.48509276428
1.19299573799
-2.15086457767
1.35396062882
-1.61310922988
-0.222217489203
0.16045736309
-0.597779195293
-2.01149949637
-2.49889945577
-1.34565045268
4.70670651016
-1.81274296616
-2.53045357561
2.14045887109
0.548677568309
1.18675968937
0.444600158988
-0.618213139438
1.91555441484
3.83139347375
-0.0364482088508
-0.830902605331
-0.751537615604
0.858731979176
-1.26008443585
-0.139020324402
1.72876276362
-0.471427995498
-1.91384179878
0.608595947465
4.91398430277
-0.9593290972
-0.0478966183971
2.21442095771
2.72169818451
-2.96874864794
-0.921300736324
0.234521486605
0.848771794817
-4.48887011488
2.62337815795
-1.0421333091
1.53949886753
1.99926560486
0.779549843874
1.56326848715
1.24524923234
2.9413788306
-2.31949596022
5.40720705743
-2.7894832454
0.633527609348
-1.43636295532
-1.95232854939
0.279635533751
1.5033813659
1.04155861193
0.372886058693
2.08119916769
0.37663447213
-2.00812004271
-0.767983587322
0.198752425738
-0.291744891948
-1.59539317198
-4.4300660421
3.58846364825
1.91325986375
-1.06856382106
0.177772392358
-4.56389147311
-1.55894085872
-1.64322234575
1.46815539099
0.947840619751
1.85912877608
1.16411301201
1.65348886618
0.191254275117
1.03432159864
-0.870420374632
0.0928198221297
0.172390478042
-4.81159343985
1.57515052712
-0.120206818642
-2.02085092605
5.6117730236
1.25190687433
-1.49920745334
-4.54267859153
-6.4933619285
0.768349292742
0.440276713798
-0.327336087457
-2.63609842754
-0.35997678841
-0.583458583052
-0.811948741184
0.261042819141
1.44003215026
-4.98452948745
2.98409529217
-0.21813782614
1.19206392903
2.82642968131
-0.547235086252
1.67148287174
0.636624920597
1.19601983277
1.35208876028
-0.374636224772
-1.7848892805
1.32762343812
-0.785218394489
-0.691241268523
-1.94950199159
1.44151294542
1.26182854954
2.11657789986
2.73323295425
-0.561836347995
0.899822313347
3.33668881458
-1.55291951538
-1.21185139543
-0.439562173082
1.23814537148
-0.0366913008185
-1.54941082415
0.414493473699
-1.07381310052
1.09601998712
0.612493424691
0.937209784205
-2.2160019803
-0.918578940646
-0.81919639237
1.1447621873
0.268645465618
-2.64802877055
-1.65702944567
-0.693318324684
0.809664668687
-2.3335714589
-0.849267064241
-1.27521353028
2.60525723179
0.290110052016
-2.1485184942
-1.16335272348
2.25406823059
-1.54324594835
-2.31944918052
5.33807143526
-0.751773629431
-0.0680139221301
-1.3826344919
-0.815721122842
0.702176497303
-3.0533415484
0.937590012975
-1.16060242222
1.05188989902
1.8843032259
3.72291804314
0.697840846804
-1.61112416977
1.52335153959
1.40281866847
-2.48938906952
-1.91874817637
-1.40243890709
0.498461525859
0.585100732915
-0.990983457592
0.00218023409183
-2.3304085078
1.02761384021
-1.60296502274
1.1877815355
1.79980511645
1.40564260454
1.56982940685
2.44292118156
-1.73374203327
1.96348874624
-0.56056025916
-1.22908119617
-2.74760933503
-2.8986952129
1.26927742648
1.61558950215
-3.28883705136
-2.25171799607
1.11470726179
0.687285437673
-0.850436845709
1.62305497425
3.5949308323
0.624967392831
-6.67406364086
1.66330222586
-0.626306268909
1.16048701325
0.0428610305814
0.81895925987
1.42203844351
1.39375793466
3.5792573234
3.52689324501
-1.45481111922
-1.04283866749
5.02956862077
3.1364089667
1.12134150197
-2.67715586325
2.36081042169
-0.537834501418
1.43334693535
2.53805105285
-1.11548720305
0.493770853648
-3.11028539778
-0.321685876778
-0.300469673217
0.883916863913
1.78014036058
-1.63526251315
-1.44974241094
4.94030475502
-0.721006940762
1.01748025076
-0.708714576492
-3.15675293012
-0.155765323116
-2.6464553244
-2.25480968672
3.68704433508
0.186357273934
6.38061773816
0.693559422279
0.831690382
-0.825298635663
0.26791677891
0.501064575682
2.67768751937
1.44482513512
-0.152595012832
2.082282079
1.91147686062
0.226634463795
-3.11846715369
-2.842952236
-0.706709664586
1.70587021024
-1.16407329613
-1.45635875848
1.3175348764
-0.0685057019281
1.96047903465
2.180080416
-2.20502281221
1.13912282181
1.0146936034
-2.30410064315
-2.05333220188
-2.54826676036
1.95374644136
2.33495799856
-3.65032666797
-1.49577738755
0.78527086866
-0.608068238257
1.16608627052
-1.51876454391
0.389819246097
0.409272463
0.985834351385
-3.85272403493
-0.459792738384
0.0855626118313
0.202219370472
0.610193132753
-0.050764111779
-2.29473278365
0.760260237766
-2.28907497445
0.330779737913
0.895498162871
1.91188360165
1.29765899459
-1.48250002861
-1.71304597297
-1.19632894917
-2.69831514001
-2.77742414405
-2.71029240962
1.03365678874
1.10055258041
-0.224041628492
2.5386938675
-0.947539713678
1.39585111813
2.2718479716
0.346173955009
-1.70541130021
-1.57988289266
0.897102353365
-0.144274846231
5.30988558329
-0.135541568072
0.0164576247458
1.83560082355
-0.2539546214
1.85276227809
1.53522035665
0.4223089707
0.179475999095
0.492619303771
-2.69724151597
-1.2012819256
0.246683550891
-3.94927152395
0.675133038449
-3.15163973784
-0.530437190474
2.3973506476
-1.66877286541
0.922371472009
-3.3407536128
0.0208408594186
-2.16584373248
0.418183415552
0.564932765751
0.0572899327405
0.0876409754241
4.2167352829
2.88342116446
-0.99238065927
1.91292619077
0.476031340089
-0.852922199218
1.56080721178
-0.109145455215
0.472668892877
1.00268678783
-3.36042229756
2.13651866261
-1.71105516142
3.34523652333
0.159025680824
0.958651067114
-0.46728941815
-0.314237080284
1.27717470299
1.07423308935
-2.11233001782
-2.47251528435
-1.849019869
-2.57356917275
-0.825602234988
-0.933179420883
1.7828290244
1.3905106876
-5.25459832809
3.534868098
1.22442844122
3.58447473265
-0.835274639407
0.0402472728851
0.800150428113
-2.76552801634
-0.689511676681
1.57563073689
0.41110941072
0.562714117916
1.78850211471
-2.47055809803
-3.12229811597
-2.08475316027
-0.0574309981271
0.793277968772
-2.07726412315
0.886214311828
1.40442324403
-0.699646720601
-0.457933569736
0.390956028759
-2.49578007017
-2.63227184104
-2.17393914514
0.425937735492
-5.12871417814
0.723901912553
-1.77620213117
-2.42563004846
-1.38333491912
-2.23947166593
1.51602602326
2.90776480183
0.801882732167
3.03718656011
-2.98768229768
-2.26233168698
1.17410675104
-3.6064209319
-0.244353240177
-0.722339218275
1.41527203584
-1.75270492923
1.18502333788
-1.70404810345
-1.14571189029
4.21837529438
2.96878880419
-0.074968062317
4.09809590639
1.80791125704
-0.771834303313
3.02001726859
-3.10381075915
0.849570840675
-3.30873063267
-0.975753282872
1.40655115223
-2.29074990244
0.0286924384309
-1.42644641718
1.85660664117
-3.0293132626
-0.143693426587
5.15030927464
1.20681395278
-1.57079883921
-2.48397954953
1.98285204971
4.08181589412
2.29212448837
-1.55100727058
1.88596822195
1.82452086864
-0.163936025929
3.10064053323
-1.00814972684
-3.01554594975
1.33977327376
0.519452404964
1.48574341418
2.42486275614
1.49634716597
2.94106465755
0.89253821775
1.859581733
-0.427781761185
0.657269626769
-2.68404687015
1.54380071443
-1.34084721026
-1.86434077075
0.413719938907
1.91679021687
0.64439687049
-0.834657373313
0.21200503069
0.453933344583
-0.693495187475
-0.920566721797
-0.701156290232
1.4711150925
0.423022951441
2.10979690726
3.30920321395
1.06343389048
-0.57244695355
-1.53384857114
0.0334931644123
-4.86130124811
-2.33111532519
1.19456220902
3.20119596914
-0.56930967732
-2.3588445568
-0.974357341097
2.68840621986
-1.15466733516
1.08032948436
-1.02880728703
-0.0936633145309
0.467007157778
0.77844205604
-0.612132312681
-2.16449791012
-1.71562655712
-1.91493975797
1.6578013389
-0.826059340065
-2.46615028641
1.72323638478
1.58831805337
-1.37276866933
-1.51471651361
-0.760274238443
2.79210564874
-3.38093900309
0.497983804734
-0.783760291066
1.76926373369
0.148022998731
0.498872635655
-2.15859042668
-1.18315540977
1.57707035803
0.518780897336
-0.351591020059
2.01705407364
-0.370671281706
2.79653171104
-0.930303405495
1.39323672856
-0.761544825793
-0.028472525665
1.77447410045
0.389520978974
0.260397302889
2.5761620329
2.82712630321
1.09216779453
-0.219743013495
1.58943553433
0.36574152436
1.1327947431
2.61316632924
1.50337202465
1.06191390216
-1.01774236712
-0.770470018749
-2.15255936554
-1.02649247446
-2.28822123199
0.868186930711
0.054975199647
0.402810054949
3.76968423534
-1.5847542119
-0.445554752059
1.5637115321
-0.456197835594
-2.85573505192
-4.03957807367
1.08753820329
-2.8294679889
1.27476896114
1.24388994776
-0.759062264769
0.135062598889
2.71974244915
-0.262691554778
-1.97489208125
0.691317976374
-0.894740327297
0.0752983860594
3.32451049004
-1.57405654557
0.338369872795
-2.2573630118
1.49617290278
0.0780060288085
0.450263618889
0.401487461763
-1.03137304808
2.1484481054
-1.14875354804
1.51493120956
-3.97402768051
0.279367902428
-2.18135099248
-1.5424201236
-0.604546381083
-1.05001990452
5.13738564513
-0.142778009693
-1.36221069986
1.35777304854
1.69540159528
0.989079893456
-1.41418355987
3.28247352701
0.728992222676
0.315651817855
2.48780618078
-2.39356638253
-1.16190888402
-3.8619413236
-4.21203276052
-0.124632472795
0.0372056181393
-3.51399634719
-2.39639713299
-0.241511244456
-0.952319340835
0.778685456358
-0.858706295809
0.708646723696
-3.05866101673
-1.93451301385
1.61316606074
2.73778252715
3.10468258016
0.365589625838
1.2619347573
2.22946445569
0.71775398231
-1.16056533241
4.47007804548
-0.305059335624
2.03850742245
-2.66024402519
2.55497720549
2.16488242922
0.469101233774
-0.457577969608
-0.467188532054
-0.230217215425
-1.58676553331
-0.913691936177
0.0983422316836
0.419868254285
1.36951263427
0.701276402634
2.81217374346
-2.42394854681
1.5102637606
1.74080118771
-2.12780077148
-2.98052921873
4.75760006163
-0.564184857297
-0.71026237228
0.892529774853
3.60218759103
1.01366353891
1.82312637374
2.33532427266
-2.12561248855
3.68232552955
2.81908777896
2.47663820406
0.406751415799
4.03392927689
-1.9436576377
-2.37391955718
1.73831954374
-0.635190083409
-2.05752572553
0.0874488462556
3.5925876145
1.90357040585
3.5419092634
0.814004106891
-1.747971003
2.64907157905
3.43305780708
-0.611906831303
-0.53333188468
2.76228591052
1.10424614823
-2.06631582516
2.21815784521
3.01099555502
0.951132917733
3.17490079599
-3.61724577126
-5.61990231619
-0.0625409340277
0.190888728049
1.18100235937
-0.00634326423509
-0.343220621785
-4.61409074866
1.03249198847
-2.10365663938
-1.99435414993
-0.787732047885
1.61742729065
-0.184226490724
1.48793352096
2.47649441279
3.42768262632
-1.91086250109
0.615158846818
0.773690618794
3.75166825204
-1.42899767936
1.40040512274
-1.67566871815
-0.724473099867
0.218782355039
2.99177403124
2.50050413487
2.39273064283
-1.6585116905
3.51928482137
-0.279453391236
-0.0954392605045
0.243111928946
-0.357030263587
-0.0610852746672
0.201107433481
-3.79101385981
-0.235180665188
-1.69968505535
-0.807737812673
-3.03951213416
0.226260542982
-0.508151201463
-2.38619601975
0.397930983168
-2.58362620719
1.93642865886
5.57230509582
0.264946301571
0.221374208518
0.255304171395
1.17470934318
-1.31577260969
-3.17164141237
1.42834837227
1.72389561496
-5.19905205839
-0.717439606048
-1.49209030727
-1.66141003878
-1.86126268606
-0.942880426167
1.70161273605
1.23912380741
0.968110050013
0.459509014194
-2.87341993802
-1.49079055367
-2.2323465411
-0.633015847491
1.79196604084
0.385359985977
-0.30150434315
3.96535134909
-1.25311013322
1.18695663929
-6.84853495865
-0.852190385735
1.97908382004
1.15129655982
2.47884124755
2.09448055059
4.75952342061
3.23823395556
-3.02014431404
2.81835880879
-2.5678092602
1.0338873486
-4.22701859834
-3.75024853508
-0.100618051017
1.45252276266
-2.86472970512
-4.5753778274
1.44711143146
3.8578246727
2.22731850056
1.16183458397
1.27585733359
2.17398741968
-0.504714859478
-1.98202156214
-2.04579180851
0.570111549803
-0.451739605414
0.733755880477
-3.4503674797
0.241573012451
-0.884196576871
3.06951108648
2.83517475606
-7.10466878749
2.56153005385
2.70336682462
1.10567902309
-1.2402495361
-0.76393305288
2.19891614611
-2.84889203247
-1.50466341336
-1.52788895206
-0.401802646602
0.716234872193
1.70220341736
-2.97100527752
1.27236541888
-1.96117875541
1.30140053765
5.21741756773
-1.34738160699
0.73498833351
0.424737133769
0.697732166279
-0.0470584121371
-1.07723360643
-5.61798646258
-1.13667317102
0.469219130172
-1.76859271819
0.855636532925
0.0883081411481
-5.61018511468
-1.41202284251
0.750106747434
-4.91911298104
1.16418959495
-0.685290823702
2.50777503311
0.283206047656
1.20700366918
2.98657538395
-2.38966249724
2.17402319547
2.61784733158
3.08877921326
-1.19376923836
-0.0334592824574
0.784617282241
0.477026368021
-0.542925956966
-2.95001894743
-1.52422406525
3.1095172196
0.021415195312
5.35640173735
-2.3117583776
2.79334666215
0.0529662438476
0.731837035526
0.284655842599
-1.12222725905
-2.57514071448
1.6465302829
-1.54852513339
-0.113467249851
2.00852415715
0.343517588908
1.24699376779
0.566989488914
0.283184644295
0.348360411332
2.8612330504
0.486154408336
2.63382851461
-2.69173368382
-2.25215057643
3.71072662275
0.730861652283
0.440883893579
-1.1201254146
2.07529584532
-1.82135952791
-0.513458438859
3.17238647561
0.201658316473
-0.546874467909
-0.131159644677
2.14604351833
-0.790400725103
-0.60566514292
-1.75108830979
-0.0782741292038
-3.39426692049
0.870696993329
-0.476902826861
4.11900885986
1.69266724503
0.368637049636
-0.484636020723
0.666608041788
-3.99888565837
-2.12645821516
-0.707293570413
-0.677821507509
0.313884426917
0.173522378072
