-2.12981226058
0.827734591011
3.73369118196
-0.424748709842
1.01109054311
-0.303254086564
-1.53310832345
4.51554824224
3.90841518158
2.00839261319
2.76969792347
3.8390636119
-5.87591373495
2.71688766568
-2.93235772058
6.13795064316
-0.824137797956
-1.9981727502
-0.362753756057
3.90855731918
0.676650483491
2.41183114001
-1.31244526782
0.349432546286
1.40997254452
-5.44329133748
-4.60381154808
0.895592265372
-0.166022135584
0.859009518349
-3.9744761186
3.78463137978
6.58960435466
-2.27323466074
-3.95036470246
-3.7396616932
-5.28412694048
0.555961976755
-1.760943887
-3.25877490146
2.93315567717
1.07819746847
-2.61454262747
-1.07055277614
-0.220765997697
-0.00432395063306
0.522624062376
-4.88448531944
3.74769098715
1.24435959106
-5.86093866514
1.46966020944
-1.82879837033
-0.724609126389
1.9971101493
0.271915820474
0.0963296188961
-2.49247381633
-1.58502137694
-2.25448349216
-5.00365135337
1.62047853902
-4.22146827749
-1.81663326495
-3.22694262414
2.31297538753
-1.61192772389
-1.14975226503
0.465934472505
5.02490401402
3.39059266273
3.83124402261
-2.73740629116
-3.39904627871
-1.92089644817
-2.02855601878
-0.9599286708
-0.929174240786
-4.23854925259
1.2216669744
6.46982919808
6.43987886349
-4.6453807015
-0.0215294035819
-0.347191595168
0.277770347982
-0.196404040316
-5.05892470486
0.524078585632
-5.33116631925
-1.04049205021
-0.511099360276
4.43821248609
-0.048878245386
3.50242289869
5.8880687567
-1.57813170273
-2.04141816177
2.77430369318
-1.53065980285
-3.217307949
0.379816535477
-1.88070969554
0.859057753211
-0.379615040625
-4.32582233399
1.31939258427
-1.0933543707
3.402048433
-1.67268060603
-2.80535903343
0.757581751234
1.96810590875
-1.01808982287
-1.83018532926
-0.10746093415
2.40973672759
-8.38818764139
-3.38086030508
-1.82509240982
-4.2542553876
1.49555275051
5.25981692311
4.10783631352
-0.710415351255
0.769865993782
6.23694548949
4.03234086778
4.42625410031
0.726805362609
-3.31053461501
0.359178674705
1.54734592872
2.83573987309
0.755665514154
-0.22404136284
1.42481993466
-1.08437505656
-0.8930248495
-0.142651041729
-0.08465387935
-1.75738940027
3.88937981864
-3.75368270011
-2.14864381731
2.66268131248
4.9698599862
-1.96899447912
2.7243544717
1.58204387485
0.853784689593
-0.480924649073
-5.05486180172
0.171844165994
-7.39792772053
-0.786464190416
-1.41504536946
2.60758466073
2.73886213118
-2.93619045235
-2.61294447504
-0.146435052519
3.46052205943
-2.048135008
-1.79793942985
1.30886873353
0.582043912768
2.91548869314
2.88839250717
-6.61902543849
-0.0746461981525
1.78498039554
9.24750175314
-4.794003033
-0.414523638511
-0.35447172803
0.471022162976
-4.48010247162
7.92459592975
0.448956186124
3.36582534609
-0.437110327511
-5.90135612481
5.44099114613
-1.25517103386
-1.83154810251
0.0529703731803
-1.25279817765
-2.00080027885
-0.0949013639365
-2.14359881967
2.94897560188
-0.767132450759
1.61628525915
0.310299745036
0.99378034302
-0.306241166974
1.37194631391
3.1607518845
-5.94875026868
-0.399327205964
-0.102467364708
-1.75101035411
4.06003416535
-0.0112098116793
-2.39430476788
-0.718151658822
2.14505242396
0.980069727764
-2.02330458694
3.92193438092
-2.48818862896
-3.50104863284
-0.545069078286
2.0667894266
1.00539091555
-0.480080687123
2.53340205063
0.100026798319
-3.62812491064
0.523518532777
-0.915741456209
0.804303157561
0.55797495311
-0.548655107414
-3.58504049965
1.55106555935
-2.60535243695
4.55717157258
-3.90759276591
-1.57218303584
-6.57679178254
0.553360186622
4.42093478243
1.40307573465
-0.314871655643
-2.57206343123
3.27169939789
1.89840910556
5.53415868797
0.244793139335
3.49249625554
-2.54252715789
6.79833392575
-2.63261894238
-0.497500324682
-5.00479418782
4.54298522578
1.8531330928
-2.54080763587
-2.20481044803
2.38358789914
-1.26154707487
0.420909763986
-2.53699591387
0.328511668102
-0.378651542478
6.75335781961
1.51269908559
-2.48636339808
-6.32743992238
-0.599902982099
-1.03839962791
0.317609510444
2.23719455109
-0.0104454990097
-6.77276711018
-0.0697342217545
2.92771191437
1.66805459325
-6.93909635969
-2.31324489134
2.12075925259
-2.68636534035
1.91684312097
3.31221914217
2.22812613748
0.713970768944
-0.842771082592
2.86420546742
3.20530861296
1.1565109558
-0.981136948295
0.892360837145
-2.87194745279
-0.0388571803069
-3.19530523701
-1.81485019558
0.151552330546
2.75074813036
-0.682736387139
-0.0485759591473
1.28296810351
-2.06216039999
0.053403338669
1.92168878016
1.69631006651
-4.12254213526
0.931952287086
2.73350305665
-0.515128327091
-4.2032804903
1.19408566553
5.45167073217
0.538202814668
0.0451725456854
-1.80063997801
-1.67445014405
-3.17938779921
6.25394498458
-5.02023629486
3.90885990955
-3.75584949098
4.19132356058
2.6642993901
-2.97325733704
3.75879524162
-0.309439228023
-4.08777519063
-2.38822558385
-0.390761662969
3.78471899026
0.450230802095
-1.46699162593
-0.995522971952
1.89071201495
1.79494237532
0.796257117969
2.85222115111
1.76751813423
0.717005613186
0.81891411328
1.45196004205
4.64279653319
-1.44487425417
-2.85069421468
-0.0657165472078
5.79943253502
3.88134203018
-2.51076436224
0.335726154975
-5.1075349269
-1.80527086262
0.541968504328
-2.17738072167
-0.19072394261
1.80014154532
-2.39880883505
3.82961786402
8.01103296467
0.315442141683
1.02409028964
2.16916348666
-1.51679237557
-0.757833024924
-0.584857835295
-6.40232811933
-2.55829954831
-2.36693110422
4.19734808347
2.20161327733
-0.738738658543
0.822314545176
-0.993041840517
5.67849680919
-1.72175170904
-2.15960423947
3.48056582273
-2.01899843335
-1.65755586563
1.15790182445
2.99057823615
-7.41144089324
-6.66182022729
1.05593966398
-0.814172535119
-0.247717746504
-3.07756753429
6.10576241302
1.2627881237
1.28479327602
-4.18492695885
1.90645458533
-0.294799408089
-3.68470884513
-4.19196348418
-2.4405216111
-2.93065743503
-4.72333671846
5.03372436191
2.00225020169
2.29872208742
0.613805118232
1.23619466095
-3.53899016693
-3.11518712362
2.51731210725
-5.29199861351
-3.85823759403
-4.33889428492
-3.90743843109
2.17889310437
-4.94850926274
-2.80403695629
-1.27801343518
4.84319632731
1.26438112133
-3.23845066419
0.114792852873
1.61112457301
-0.0117919767247
2.08433714996
-0.287458333347
-1.15926536623
1.10386074361
1.5318988191
1.49049672606
2.52166285607
3.9494371687
-0.770434798048
-7.18631102613
1.82735887628
-0.857821800646
-5.66597731228
-5.90012863741
4.71225144859
-3.13939464277
-0.357113198365
0.104405795656
-2.6782547472
-2.80907637486
-3.95007078055
1.63305392949
1.06297669054
5.81634408887
-1.87305063223
-5.10893629789
-0.474399785327
-1.60041019941
-2.0942348037
-2.45877514619
-3.70728711112
-0.739303798683
-0.582635087761
-0.0969827092174
1.77943928079
-1.37499474079
-2.42627866323
-7.28094664588
-4.58121024103
-2.51193288716
-2.14725825267
4.66484118622
4.29035044946
2.33071697677
1.69230587778
0.154680028147
3.32040775505
-2.85119436542
0.707480920351
-3.52032568252
2.00172988545
0.510448235109
-2.20709403992
4.17101773595
1.82488580009
-1.38597860921
0.494016293133
1.93083404071
-3.43790125902
1.45949267263
-1.03782732872
4.17274353897
-1.96890664528
0.49592849446
-4.995045394
-0.216412806618
-2.44911657924
2.82222867844
0.799313770206
-3.04315980688
1.48969139428
2.68438549441
2.15745357578
1.9898677085
-3.06914605518
3.39839278285
1.24681830334
2.398800519
1.62445713907
0.0527948043771
0.661988176893
2.06856261059
0.897729483086
1.31326057894
5.51014223483
-1.70734162264
0.409627221941
-5.83973453479
-0.681516723523
-0.265793993005
2.04576428012
1.32536203589
3.87185689412
1.58585614497
0.931838210846
2.37899483489
-0.906774036285
-3.58798511342
1.51253690727
3.00566260055
-2.21198952873
0.00942895724285
2.04616576006
4.32269546776
1.39847755529
3.96720803313
-2.79151798721
3.50978712514
-2.57073234529
-1.03314368255
0.448751394006
-3.22469056085
1.48927427687
-3.68154896941
5.49981828882
-3.50214004855
-1.77598768604
2.60642734552
0.866304851076
-1.94284482795
-0.644316926172
3.81547433355
0.708270031383
0.370933517835
2.86009641814
-0.739803703027
-2.24402155098
-0.426469494607
-4.75053234369
1.11059648061
5.09529048914
1.18594451437
5.81855839886
-4.24263171812
4.19561221978
-5.01602714047
-3.03121007258
-2.36457951353
-1.23685660459
3.32152319266
-3.07405308826
-0.233869016121
-2.47118641253
-2.82275033932
5.94733441324
-0.540347249446
-2.25829748232
-0.123210924418
1.63821663323
1.40475899733
-0.326944561504
-0.967570272013
-1.76838880038
-4.23400523806
-1.38340352316
5.72963844841
0.273406685735
-1.57057469736
2.49104604943
5.4495809665
-2.62893780617
1.04890844334
-1.61386203619
-1.36662233645
2.19555363188
-0.983267969463
-1.76712295016
2.88848838688
5.47491610591
-1.82880849244
1.32706253002
-3.98140836829
-1.3878499507
0.697944944582
-3.25962883109
-1.665636527
-0.37672334014
-5.08909461885
3.04025705432
0.464453269752
1.64916148989
3.0266130838
-1.0005044514
-0.541560410712
-0.951970708118
5.66662140127
1.17925229421
-1.85911820704
-3.75808793435
-2.85364159342
3.37298861447
-2.91380001074
-1.43969910765
-2.7187260812
-0.0955634920259
1.13042979531
1.78255437422
1.04943533026
3.96035530698
-1.78997923481
-2.49141390287
2.41929631628
-0.783821613915
8.77858634602
9.2608902379
-1.81007601098
-6.17427952728
-1.37223779034
-3.47290876204
0.68705699579
0.345984668937
4.43436721108
-4.8358219913
-0.679235421965
-0.440939217997
-3.82978026198
6.10021757015
-2.68586181481
0.918001310985
0.607708828428
0.272437752058
-3.04912296281
2.86126247005
2.22971459915
-5.20875261605
1.51830448307
-2.42209179184
-0.939426471264
-2.50060902613
2.81387522175
3.25274182202
-0.493585498207
5.15636469434
-6.6458864034
-2.09105633091
2.04826194168
-3.19603108417
0.519269273826
2.3188224821
1.15266832365
4.61458297931
7.60404488281
-1.24626619674
0.0774955074586
2.208554325
2.66543125614
1.52533212552
2.30518370907
-1.22614284475
1.70146550054
-1.52244362852
-3.38036126098
-0.0347615858949
0.382958567322
-1.95166053059
-0.1146528537
0.830734641553
1.29362782036
4.42553361258
1.09405036785
1.88903506279
0.29923875964
1.30974015186
1.25883795347
3.10279430658
-2.16250806956
1.2079384414
-3.93825177135
-1.99905789404
0.809866706838
5.95762894617
-2.05769629253
-0.858317589963
0.716985631218
6.64773350339
1.24280605987
3.56087088587
-4.01259665587
-0.702252858602
3.13224394436
-1.61336411799
2.37664137526
4.181243039
-0.07331439414
-3.57204834244
0.537873498865
-1.26336972358
-0.176134565474
-0.67513540118
-2.69605337125
2.30711784269
-2.21432778017
-5.50927868353
-5.28824195205
2.45066735389
2.70996734892
-0.815220693541
0.230858804741
-1.94716172439
0.738943350343
-0.965008077092
-1.53026367256
3.12803410668
3.74505296598
-4.27352678668
5.51169330608
-1.36260913113
-0.861702238874
-3.2032575279
-0.872746705173
-2.62880168652
0.902727946095
-3.87197471362
3.22283987253
-0.549919460963
-3.63543326153
-2.69884508193
2.52261364622
5.43756108564
-1.19297631175
2.83013683692
3.08844476406
4.33240595522
1.32127986196
0.441527215682
1.8373243498
0.68033433904
2.73691437585
0.363773548575
-1.82434842841
0.268910322531
-4.55583753911
3.65553311922
-1.41405055914
2.94988304194
0.0104674650148
0.428169889184
0.543090005733
-5.87893873418
0.94932222329
3.95212748355
-2.21772902508
3.3768551398
2.62818490524
3.62794262788
-1.06878645441
3.07222797335
1.95665751456
1.80432228661
1.85929030441
2.01852391946
1.19912983864
2.41012854067
-3.7249437481
-4.39878361528
0.846155854598
-5.81700906829
-1.67382194469
6.22733705882
0.657227559007
2.65119279144
4.39117745449
-2.53858297339
3.29548988999
-2.2646466846
2.84475829707
2.33004121617
-0.0673686136603
1.1057521432
-3.8833153861
-3.78918110826
2.14703705417
-1.86217226832
1.78975296116
-6.34004886217
5.8220659241
5.53208054496
2.51716744258
3.34057231279
-0.555358879983
0.816308663051
0.290259650911
-0.677452163014
-1.58949220711
3.32372559689
0.719501521238
-0.596629459994
-4.71079064418
-3.53933298583
6.29774225294
-0.171337795901
2.6007150346
2.48322576343
-0.0375739471724
-0.291552268757
0.714556118831
-4.31009902309
2.43926995201
2.43003160185
5.31640934348
-1.50469263895
-1.93483032708
3.1195756526
-2.08755475991
1.15299295614
3.3615858298
-5.15599703135
-0.0907905109508
1.83814326354
1.19138526693
0.972270679659
-0.490757120481
0.169302275912
5.33682438056
-1.3155427991
-3.28154422686
-3.77847515003
2.71316005481
1.45312263809
2.36253309985
-0.429572597156
2.1291385481
2.85123421855
1.34013424158
2.34292767766
-2.13008211119
-3.21326719936
5.43909445301
-4.12735300177
1.09414124506
0.558884127483
9.76645916507
0.211026617376
1.88685091056
-3.84633094626
4.33335795579
-2.81633913631
2.02380948736
0.266707254
1.69521018799
0.903930649541
2.78657833377
-0.392922919078
2.06026998854
-5.1866657052
-0.778142033312
-0.108090643114
-2.21782017899
2.44554734668
1.15333289994
-2.20361625555
-1.92135696886
-1.71357871735
-3.98358038457
-1.82874667536
4.73267685999
-4.24917022537
1.73089474255
-3.45872056229
8.40958421102
1.07535770285
3.8067259489
0.00590194434823
-2.6843253124
-0.539659924246
-3.23595288764
-2.21697947428
1.38900617141
0.668703003336
-0.1636209708
-5.93251059367
-2.55567026391
-3.10643389243
0.657286445897
4.59034695598
-2.38736778726
-2.13998514219
2.759317347
1.86561560716
-0.158850287434
-2.92940105799
-6.05509887289
-6.38690028474
-1.63973040543
1.39487289489
-4.89272823213
2.76297807841
4.50787560282
0.62624805451
-3.77973183966
-4.45118444635
-3.60038322675
-2.55607255275
-2.00859234279
1.3726656209
2.2587716512
-0.165908015784
-4.08686132772
6.01935365363
0.235395315792
2.94901210898
4.95857693626
3.66239233294
-3.67564008673
4.47911923906
-2.99186027646
3.4641492944
-2.56210038201
4.21018280006
3.69994308065
-3.04911670659
3.30250063776
1.03351959063
-0.866213639465
1.0012748429
0.313283578248
-2.91361265853
4.86705846835
-2.63265260741
7.49300089776
3.3700798669
-0.612394326203
0.731203717228
1.22625530938
3.57478437501
1.87056237111
-3.03964326045
1.425493333
3.23879628572
-10.0912788598
-1.72673241097
-4.42252150155
2.46828963698
-2.83422197574
-4.00747863785
-5.08955533878
-2.07451345235
-4.22098139385
-1.97616767651
-0.171218011319
-4.2243458301
-0.591046789275
-0.464858444455
0.646542760994
-0.174687709103
0.401887941702
-0.823877074403
-1.05561586406
-1.18097721735
-1.81015904774
1.40456603289
1.73385946247
-1.34180419946
0.741251981828
3.12226583562
8.45411530561
-2.27360065483
-2.61191724875
1.35327208914
-2.3187442076
0.899899845807
-0.444884594397
-5.48612981624
4.77767544488
1.69483752114
-1.30456221049
-0.989585789809
-2.85649680285
2.46748904614
-0.0641333622616
-0.484154912162
4.23698188155
-1.61830465352
0.980704854864
2.02366443734
2.35136608881
-1.63330436699
0.616070374923
0.241673459528
4.62221676524
2.65064279565
-2.21766381032
-2.33831044527
0.375298955727
1.87505768689
4.51469016939
-4.63955110212
1.19911505024
3.9401497059
