2.691281E-03
2.952212E-03
3.211808E-03
3.470345E-03
3.728032E-03
3.985023E-03
4.241440E-03
4.497376E-03
4.752907E-03
5.008092E-03
5.262980E-03
5.517611E-03
5.772017E-03
6.026228E-03
6.280266E-03
6.534150E-03
6.787899E-03
7.041525E-03
7.295043E-03
7.548462E-03
7.801792E-03
8.055041E-03
8.308216E-03
8.561325E-03
8.814373E-03
9.067364E-03
9.320304E-03
9.573196E-03
9.826044E-03
1.007885E-02
1.033162E-02
1.058436E-02
1.083706E-02
1.108973E-02
1.134237E-02
1.159499E-02
1.184758E-02
1.210015E-02
1.235270E-02
1.260522E-02
1.285773E-02
1.311022E-02
1.336269E-02
1.361515E-02
1.386759E-02
1.412001E-02
1.437242E-02
1.462482E-02
1.487721E-02
1.512958E-02
1.538194E-02
1.563430E-02
1.588664E-02
1.613897E-02
1.639129E-02
1.664361E-02
1.689591E-02
1.714821E-02
1.740050E-02
1.765279E-02
1.790506E-02
1.815733E-02
1.840959E-02
1.866185E-02
1.891410E-02
1.916634E-02
1.941858E-02
1.967082E-02
1.992304E-02
2.017527E-02
2.042749E-02
2.067970E-02
2.093191E-02
2.118412E-02
2.143632E-02
2.168851E-02
2.194071E-02
2.219290E-02
2.244508E-02
2.269727E-02
2.294945E-02
2.320162E-02
2.345380E-02
2.370597E-02
2.395813E-02
2.421030E-02
2.446246E-02
2.471462E-02
2.496678E-02
2.521893E-02
2.547108E-02
2.572323E-02
2.597538E-02
2.622752E-02
2.647967E-02
2.673181E-02
2.698394E-02
2.723608E-02
2.748822E-02
2.774035E-02
2.799248E-02
