3.226432E-04
3.519345E-04
3.812073E-04
4.104657E-04
4.397123E-04
4.689495E-04
4.981789E-04
5.274017E-04
5.566190E-04
5.858317E-04
6.150403E-04
6.442454E-04
6.734475E-04
7.026469E-04
7.318441E-04
7.610391E-04
7.902323E-04
8.194239E-04
8.486140E-04
8.778028E-04
9.069904E-04
9.361769E-04
9.653624E-04
9.945470E-04
1.023731E-03
1.052914E-03
1.082096E-03
1.111278E-03
1.140459E-03
1.169639E-03
1.198820E-03
1.227999E-03
1.257178E-03
1.286357E-03
1.315535E-03
1.344713E-03
1.373891E-03
1.403068E-03
1.432245E-03
1.461422E-03
1.490599E-03
1.519775E-03
1.548951E-03
1.578127E-03
1.607303E-03
1.636478E-03
1.665653E-03
1.694828E-03
1.724003E-03
1.753178E-03
1.782352E-03
1.811527E-03
1.840701E-03
1.869875E-03
1.899049E-03
1.928223E-03
1.957397E-03
1.986571E-03
2.015745E-03
2.044918E-03
2.074092E-03
2.103265E-03
2.132438E-03
2.161611E-03
2.190784E-03
2.219957E-03
2.249130E-03
2.278303E-03
2.307476E-03
2.336649E-03
2.365821E-03
2.394994E-03
2.424166E-03
2.453339E-03
2.482511E-03
2.511684E-03
2.540856E-03
2.570028E-03
2.599200E-03
2.628373E-03
2.657545E-03
2.686717E-03
2.715889E-03
2.745061E-03
2.774233E-03
2.803405E-03
2.832577E-03
2.861749E-03
2.890920E-03
2.920092E-03
2.949264E-03
2.978436E-03
3.007607E-03
3.036779E-03
3.065951E-03
3.095122E-03
3.124294E-03
3.153465E-03
3.182637E-03
3.211808E-03
3.240980E-03
