4.430166E-07
4.828896E-07
5.227624E-07
5.626351E-07
6.025078E-07
6.423804E-07
6.822530E-07
7.221255E-07
7.619980E-07
8.018705E-07
8.417429E-07
8.816154E-07
9.214878E-07
9.613602E-07
1.001233E-06
1.041105E-06
1.080977E-06
1.120850E-06
1.160722E-06
1.200594E-06
1.240467E-06
1.280339E-06
1.320211E-06
1.360084E-06
1.399956E-06
1.439828E-06
1.479701E-06
1.519573E-06
1.559445E-06
1.599318E-06
1.639190E-06
1.679062E-06
1.718934E-06
1.758807E-06
1.798679E-06
1.838551E-06
1.878424E-06
1.918296E-06
1.958168E-06
1.998040E-06
2.037913E-06
2.077785E-06
2.117657E-06
2.157529E-06
2.197402E-06
2.237274E-06
2.277146E-06
2.317019E-06
2.356891E-06
2.396763E-06
2.436635E-06
2.476508E-06
2.516380E-06
2.556252E-06
2.596124E-06
2.635997E-06
2.675869E-06
2.715741E-06
2.755613E-06
2.795486E-06
2.835358E-06
2.875230E-06
2.915102E-06
2.954975E-06
2.994847E-06
3.034719E-06
3.074592E-06
3.114464E-06
3.154336E-06
3.194208E-06
3.234081E-06
3.273953E-06
3.313825E-06
3.353697E-06
3.393570E-06
3.433442E-06
3.473314E-06
3.513186E-06
3.553059E-06
3.592931E-06
3.632803E-06
3.672675E-06
3.712548E-06
3.752420E-06
3.792292E-06
3.832164E-06
3.872037E-06
3.911909E-06
3.951781E-06
3.991653E-06
4.031526E-06
4.071398E-06
4.111270E-06
4.151142E-06
4.191015E-06
4.230887E-06
4.270759E-06
4.310631E-06
4.350504E-06
4.390376E-06
4.430248E-06
