8.019511E-02
1.603878E-01
2.010281E-01
2.267994E-01
2.440309E-01
2.556356E-01
2.632704E-01
2.679905E-01
2.705164E-01
2.713636E-01
2.709133E-01
2.694543E-01
2.672092E-01
2.643524E-01
2.610218E-01
2.573274E-01
2.533575E-01
2.491835E-01
2.448633E-01
2.404438E-01
2.359634E-01
2.314530E-01
2.269383E-01
2.224396E-01
2.179738E-01
2.135542E-01
2.091917E-01
2.048948E-01
2.006701E-01
1.965229E-01
1.924570E-01
1.884753E-01
1.845796E-01
1.807712E-01
1.770507E-01
1.734180E-01
1.698729E-01
1.664147E-01
1.630424E-01
1.597548E-01
1.565505E-01
1.534281E-01
1.503858E-01
1.474220E-01
1.445349E-01
1.417227E-01
1.389835E-01
1.363154E-01
1.337166E-01
1.311853E-01
1.287195E-01
1.263175E-01
1.239774E-01
1.216976E-01
1.194762E-01
1.173115E-01
1.152020E-01
1.131459E-01
1.111418E-01
1.091880E-01
1.072830E-01
1.054255E-01
1.036140E-01
1.018471E-01
1.001236E-01
9.844198E-02
9.680116E-02
9.519989E-02
9.363699E-02
9.211134E-02
9.062181E-02
8.916737E-02
8.774696E-02
8.635960E-02
8.500432E-02
8.368019E-02
8.238631E-02
8.112179E-02
7.988581E-02
7.867754E-02
7.749619E-02
7.634100E-02
7.521123E-02
7.410616E-02
7.302510E-02
7.196739E-02
7.093237E-02
6.991942E-02
6.892794E-02
6.795734E-02
6.700704E-02
6.607651E-02
6.516520E-02
6.427261E-02
6.339824E-02
6.254160E-02
6.170222E-02
6.087966E-02
6.007348E-02
5.928324E-02
5.850854E-02
