1.629634E-06
1.776307E-06
1.922980E-06
2.069653E-06
2.216325E-06
2.362997E-06
2.509669E-06
2.656341E-06
2.803012E-06
2.949684E-06
3.096355E-06
3.243026E-06
3.389697E-06
3.536369E-06
3.683040E-06
3.829711E-06
3.976382E-06
4.123052E-06
4.269723E-06
4.416394E-06
4.563065E-06
4.709736E-06
4.856407E-06
5.003077E-06
5.149748E-06
5.296419E-06
5.443089E-06
5.589760E-06
5.736431E-06
5.883101E-06
6.029772E-06
6.176443E-06
6.323113E-06
6.469784E-06
6.616454E-06
6.763125E-06
6.909795E-06
7.056466E-06
7.203137E-06
7.349807E-06
7.496478E-06
7.643148E-06
7.789819E-06
7.936489E-06
8.083160E-06
8.229830E-06
8.376501E-06
8.523171E-06
8.669842E-06
8.816512E-06
8.963183E-06
9.109853E-06
9.256524E-06
9.403194E-06
9.549865E-06
9.696535E-06
9.843206E-06
9.989876E-06
1.013655E-05
1.028322E-05
1.042989E-05
1.057656E-05
1.072323E-05
1.086990E-05
1.101657E-05
1.116324E-05
1.130991E-05
1.145658E-05
1.160325E-05
1.174992E-05
1.189659E-05
1.204326E-05
1.218993E-05
1.233660E-05
1.248327E-05
1.262994E-05
1.277661E-05
1.292328E-05
1.306996E-05
1.321663E-05
1.336330E-05
1.350997E-05
1.365664E-05
1.380331E-05
1.394998E-05
1.409665E-05
1.424332E-05
1.438999E-05
1.453666E-05
1.468333E-05
1.483000E-05
1.497667E-05
1.512334E-05
1.527001E-05
1.541668E-05
1.556335E-05
1.571002E-05
1.585669E-05
1.600336E-05
1.615003E-05
1.629670E-05
