0.000000E+00
0.000000E+00
0.000000E+00
0.000000E+00
0.000000E+00
0.000000E+00
0.000000E+00
0.000000E+00
0.000000E+00
0.000000E+00
0.000000E+00
0.000000E+00
0.000000E+00
0.000000E+00
0.000000E+00
0.000000E+00
0.000000E+00
0.000000E+00
0.000000E+00
0.000000E+00
0.000000E+00
0.000000E+00
0.000000E+00
0.000000E+00
0.000000E+00
0.000000E+00
0.000000E+00
0.000000E+00
0.000000E+00
0.000000E+00
0.000000E+00
0.000000E+00
0.000000E+00
0.000000E+00
0.000000E+00
0.000000E+00
0.000000E+00
0.000000E+00
0.000000E+00
0.000000E+00
0.000000E+00
0.000000E+00
0.000000E+00
0.000000E+00
0.000000E+00
0.000000E+00
0.000000E+00
0.000000E+00
0.000000E+00
0.000000E+00
0.000000E+00
0.000000E+00
0.000000E+00
0.000000E+00
4.694496E-02
2.158202E-01
4.460857E-01
7.188420E-01
1.024039E+00
1.355106E+00
1.707318E+00
2.077086E+00
2.461581E+00
2.858517E+00
3.266013E+00
3.682497E+00
4.106643E+00
4.537322E+00
4.973564E+00
5.414532E+00
5.859501E+00
6.307839E+00
6.758992E+00
7.212475E+00
7.667864E+00
8.124781E+00
8.582896E+00
9.041916E+00
9.501581E+00
9.961663E+00
1.042196E+01
1.088228E+01
1.134248E+01
1.180242E+01
1.226195E+01
1.272098E+01
1.317941E+01
1.363715E+01
1.409412E+01
1.455026E+01
1.500550E+01
1.545980E+01
1.591311E+01
1.636539E+01
1.681661E+01
1.726674E+01
1.771576E+01
1.816364E+01
1.861037E+01
1.905593E+01
1.950032E+01
