1.246486E-04
1.359805E-04
1.473043E-04
1.586215E-04
1.699335E-04
1.812412E-04
1.925454E-04
2.038467E-04
2.151455E-04
2.264422E-04
2.377371E-04
2.490305E-04
2.603225E-04
2.716133E-04
2.829031E-04
2.941919E-04
3.054799E-04
3.167672E-04
3.280538E-04
3.393399E-04
3.506253E-04
3.619104E-04
3.731949E-04
3.844791E-04
3.957629E-04
4.070463E-04
4.183294E-04
4.296123E-04
4.408949E-04
4.521772E-04
4.634593E-04
4.747412E-04
4.860229E-04
4.973045E-04
5.085858E-04
5.198670E-04
5.311480E-04
5.424289E-04
5.537097E-04
5.649904E-04
5.762709E-04
5.875513E-04
5.988316E-04
6.101118E-04
6.213920E-04
6.326720E-04
6.439520E-04
6.552318E-04
6.665117E-04
6.777914E-04
6.890710E-04
7.003506E-04
7.116302E-04
7.229097E-04
7.341891E-04
7.454685E-04
7.567478E-04
7.680271E-04
7.793063E-04
7.905855E-04
8.018646E-04
8.131437E-04
8.244228E-04
8.357018E-04
8.469808E-04
8.582597E-04
8.695386E-04
8.808175E-04
8.920964E-04
9.033752E-04
9.146540E-04
9.259328E-04
9.372115E-04
9.484902E-04
9.597689E-04
9.710476E-04
9.823263E-04
9.936049E-04
1.004883E-03
1.016162E-03
1.027441E-03
1.038719E-03
1.049998E-03
1.061276E-03
1.072555E-03
1.083833E-03
1.095112E-03
1.106390E-03
1.117668E-03
1.128947E-03
1.140225E-03
1.151504E-03
1.162782E-03
1.174060E-03
1.185339E-03
1.196617E-03
1.207895E-03
1.219174E-03
1.230452E-03
1.241730E-03
1.253009E-03
