3.140645E-03
3.442387E-03
3.742765E-03
4.042065E-03
4.340496E-03
4.638219E-03
4.935356E-03
5.232003E-03
5.528237E-03
5.824117E-03
6.119695E-03
6.415011E-03
6.710099E-03
7.004986E-03
7.299697E-03
7.594252E-03
7.888668E-03
8.182960E-03
8.477141E-03
1.976914E-01
3.500880E-01
4.706532E-01
5.845947E-01
8.070056E-01
1.040177E+00
1.249423E+00
1.459740E+00
1.678300E+00
1.908748E+00
2.153396E+00
2.413904E+00
2.691557E+00
2.987413E+00
3.302374E+00
3.637236E+00
3.992718E+00
4.369483E+00
4.768152E+00
5.189311E+00
5.633522E+00
6.101328E+00
6.593255E+00
7.109818E+00
7.651519E+00
8.218856E+00
8.812316E+00
9.432384E+00
1.007954E+01
1.075426E+01
1.145701E+01
1.218828E+01
1.294852E+01
1.373820E+01
1.455779E+01
1.545470E+01
1.650438E+01
1.764676E+01
1.886339E+01
2.014469E+01
2.148455E+01
2.287871E+01
2.432404E+01
2.581817E+01
2.735929E+01
2.894596E+01
3.057709E+01
3.225181E+01
3.396944E+01
3.572949E+01
3.753158E+01
3.937544E+01
4.126091E+01
4.318790E+01
4.515638E+01
4.716639E+01
4.921802E+01
5.131140E+01
5.344670E+01
5.562413E+01
5.784392E+01
6.010633E+01
6.241164E+01
6.476016E+01
6.715221E+01
6.958813E+01
7.206828E+01
7.459302E+01
7.716272E+01
7.977778E+01
8.243860E+01
8.514558E+01
8.789913E+01
9.069968E+01
9.354765E+01
9.644347E+01
9.938758E+01
1.023804E+02
1.054224E+02
1.085141E+02
1.116558E+02
1.148481E+02
