0.000000E+00
0.000000E+00
0.000000E+00
0.000000E+00
0.000000E+00
0.000000E+00
0.000000E+00
0.000000E+00
0.000000E+00
0.000000E+00
0.000000E+00
0.000000E+00
0.000000E+00
0.000000E+00
0.000000E+00
0.000000E+00
0.000000E+00
0.000000E+00
0.000000E+00
1.889202E-01
3.410228E-01
4.612940E-01
5.749417E-01
6.896227E-01
8.090610E-01
9.354859E-01
1.070407E+00
1.214938E+00
1.369949E+00
1.536156E+00
1.714170E+00
1.904528E+00
2.107711E+00
2.324164E+00
2.554299E+00
2.798509E+00
3.057166E+00
3.330631E+00
3.619252E+00
3.923371E+00
4.243321E+00
4.579432E+00
4.932027E+00
5.301427E+00
5.687951E+00
6.091915E+00
6.513632E+00
6.953415E+00
7.411576E+00
7.888425E+00
8.384272E+00
8.899426E+00
9.434196E+00
9.988890E+00
1.056382E+01
1.115928E+01
1.177560E+01
1.241307E+01
1.307201E+01
1.375271E+01
1.445550E+01
1.518067E+01
1.592854E+01
1.669942E+01
1.749360E+01
1.831140E+01
1.915313E+01
2.001910E+01
2.090961E+01
2.182497E+01
2.276549E+01
2.373149E+01
2.472326E+01
2.574112E+01
2.678537E+01
2.785634E+01
2.895432E+01
3.007962E+01
3.123256E+01
3.241344E+01
3.362257E+01
3.486027E+01
3.612684E+01
3.742259E+01
3.874783E+01
4.010288E+01
4.148804E+01
4.290362E+01
4.434994E+01
4.582730E+01
4.733602E+01
4.887640E+01
5.044875E+01
5.205339E+01
5.369063E+01
5.536077E+01
5.706413E+01
5.880102E+01
6.057175E+01
6.237664E+01
6.421598E+01
