0.000000E+00
0.000000E+00
0.000000E+00
0.000000E+00
0.000000E+00
0.000000E+00
0.000000E+00
0.000000E+00
0.000000E+00
0.000000E+00
0.000000E+00
0.000000E+00
0.000000E+00
0.000000E+00
0.000000E+00
0.000000E+00
0.000000E+00
0.000000E+00
0.000000E+00
0.000000E+00
0.000000E+00
0.000000E+00
0.000000E+00
1.074361E-01
2.208755E-01
3.034031E-01
3.785056E-01
4.522415E-01
5.273849E-01
6.055323E-01
6.877318E-01
7.747345E-01
8.671136E-01
9.653285E-01
1.069762E+00
1.180741E+00
1.298556E+00
1.423466E+00
1.555711E+00
1.695510E+00
1.843073E+00
1.998596E+00
2.162271E+00
2.334279E+00
2.514798E+00
2.704001E+00
2.902059E+00
3.109139E+00
3.325404E+00
3.551017E+00
3.786140E+00
4.030932E+00
4.285552E+00
4.550157E+00
4.824904E+00
5.109950E+00
5.405450E+00
5.711559E+00
6.028433E+00
6.356227E+00
6.695094E+00
7.045189E+00
7.406666E+00
7.779680E+00
8.164385E+00
8.560934E+00
8.969480E+00
9.390180E+00
9.823185E+00
1.026865E+01
1.072673E+01
1.119757E+01
1.168134E+01
1.217819E+01
1.268826E+01
1.321172E+01
1.374871E+01
1.429940E+01
1.486393E+01
1.544246E+01
1.603515E+01
1.664214E+01
1.726360E+01
1.789968E+01
1.855053E+01
1.921630E+01
1.989716E+01
2.059325E+01
2.130473E+01
2.203176E+01
2.277448E+01
2.353306E+01
2.430765E+01
2.509840E+01
2.590548E+01
2.672902E+01
2.756920E+01
2.842615E+01
2.930005E+01
3.019104E+01
3.109928E+01
