10% probability jumps

0.0 0.71998405696
0.1 0.6768446272
0.2 1.10580115968
0.3 1.29365070464
0.4 1.32122792256
0.5 1.269472624
0.6 2.3094820224
0.7 2.990661408
0.8 3.3822059712
0.9 2.5565632512
1.0 3.7945659584

20% probability jumps

0.0 0.5995271296
0.1 0.7134969408
0.2 1.28968289856
0.3 1.15497491648
0.4 2.06016474496
0.5 1.56929198272
0.6 3.8658319616
0.7 3.253322016
0.8 3.2833863552
0.9 4.9123971456
1.0 4.3865609088

50% probability jumps

0.0 0.73943896768
0.1 0.91046664576
0.2 1.7304484288
0.3 1.87111563072
0.4 2.9544597376
0.5 3.552248672
0.6 4.6778480896
0.7 4.4923547648
0.8 6.4025883712
0.9 6.2816872384
1.0 7.4740033088

