  106.4000      42236.60    
  106.5000      42235.75    
  106.6000      42235.93    
  106.7000      42236.13    
  106.8000      42236.30    
  106.9000      42236.37    
  107.0000      42237.33    
  107.1000      42237.56    
  107.2000      42239.51    
  107.3000      42240.49    
  107.4000      42241.55    
  107.5000      42243.74    
  107.6000      42246.11    
  107.7000      42248.12    
  107.8000      42251.10    
  107.9000      42253.52    
  108.0000      42257.40    
  108.1000      42261.20    
  108.2000      42264.46    
  108.3000      42269.69    
  108.4000      42276.18    
  108.5000      42279.19    
  108.6000      42424.25    
  108.7000      42428.71    
  108.8000      42435.03    
  108.9000      42439.66    
