
#Subprocess 500 (B,B -> B,B,H)
#Session_number 1502
#Initial_state 
  SQRT(S) 1.400000E+04
  Rapidity(c.m.s) 0.000000E+00
  StrFun1: PDF:cteq6l1(proton)
  StrFun2: PDF:cteq6l1(proton)

#Physical_Parameters 
        EE = 3.134500000000000E-01
        SW = 4.807600000000000E-01
       s12 = 2.229000000000000E-01
       s23 = 4.120000000000000E-02
       s13 = 3.600000000000000E-03
        MZ = 9.118760000000000E+01
        wZ = 2.436310000000000E+00
        wW = 2.027980000000000E+00
        Mc = 1.650000000000000E+00
        Ms = 1.170000000000000E-01
        Mb = 4.850000000000000E+00
        MH = 1.000000000000000E+02

#Width_scheme  0

#Kinematical_scheme 
12 -> 3 , 45
45 -> 4 , 5

#Cuts 
*** Table ***
 Cuts  
  Parameter  |> Min bound <|> Max bound <|
==========================================

#Regularization 
*** Table ***
 Regularization 
 Momentum    |> Mass  <|> Width <| Power|
=========================================

#QCD Lambda6= 1.185000E-01  Scale= 91.187
#Vegas_calls 7680x5
#Vegas_integral  6.51199073331283951E+10 5.22325338493424281E+07 4.19024407245495750E+04 15 1 115200
#Distributions 
*** Table ***
Distributions
  Parameter  |> Min bound <|> Max bound <|
==========================================

#Events 500 1 0.200000 2.000000 10000
#Random BBCD5CD1150E

#VEGAS_Grid  Vegas_grid: dim=6  size=50
 0.000000000000000E+00 7.458818928961004E-05 1.078662430254811E-04 1.344902513686762E-04 1.598531008081711E-04 1.846086157084454E-04 2.079743173050283E-04 2.311189733435520E-04 2.568595237061248E-04 2.854520698008431E-04 3.155380694447106E-04 3.450239427393807E-04 3.736591270310003E-04 4.022600365999154E-04 4.329923570219305E-04 4.668828795162878E-04 5.019068015711540E-04 5.379446267767700E-04 5.746191494073421E-04 6.106148362378232E-04 6.513526043746456E-04 6.980388963375048E-04 7.519159490118879E-04 8.096818876522630E-04 8.680730815822358E-04 9.311558859552085E-04 1.005885831649723E-03 1.095328472640067E-03 1.191935604592894E-03 1.295748431434375E-03 1.406282912895049E-03 1.529932519242548E-03 1.664344297295938E-03 1.822808877358833E-03 2.007389779440795E-03 2.209643277346822E-03 2.423934679805014E-03 2.665157693822068E-03 2.969399691447956E-03 3.339951785837281E-03 3.782665824529458E-03 4.296360787088518E-03 4.913152180615006E-03 5.657613994522246E-03 6.573463363006357E-03 7.927322411803628E-03 9.404997383932743E-03 1.271940089345982E-02 2.191577194920629E-02 5.038589245335437E-02 1.000000000000000E+00
 0.000000000000000E+00 1.794323518649950E-01 2.438771148350142E-01 2.712855810728335E-01 2.932380519613741E-01 3.117393592717786E-01 3.271646712139680E-01 3.426136771748801E-01 3.548368461902762E-01 3.654729035681517E-01 3.745823695905683E-01 3.838860394118488E-01 3.929250454749924E-01 4.023441002566996E-01 4.121414631252887E-01 4.215647234136290E-01 4.304842695818739E-01 4.386894216943591E-01 4.466399855532757E-01 4.543529692032324E-01 4.624904728536554E-01 4.673997507557294E-01 4.720982319489323E-01 4.773085175444018E-01 4.829093104619824E-01 4.882603706426448E-01 4.965369517331661E-01 5.049664384776742E-01 5.131091487893628E-01 5.224694731366404E-01 5.318237123610151E-01 5.407701308332347E-01 5.500267580293930E-01 5.594744703945341E-01 5.695562771637589E-01 5.795429856624590E-01 5.887780053879142E-01 5.979287632752176E-01 6.060605455239150E-01 6.157355144694237E-01 6.253109304750302E-01 6.360243233438437E-01 6.477923506973193E-01 6.605927457150575E-01 6.750025225713326E-01 6.921984615546845E-01 7.129964749805019E-01 7.372526039290085E-01 7.734518636738286E-01 8.476988055788036E-01 1.000000000000000E+00
 0.000000000000000E+00 1.252290238843839E-02 2.471239259962681E-02 3.315973736583545E-02 4.319757856192484E-02 5.369301635856694E-02 6.455483407504378E-02 7.418219399534487E-02 8.312982224092470E-02 9.244631136463562E-02 1.026763154660310E-01 1.131149965200574E-01 1.233686020021703E-01 1.332897608503865E-01 1.435599340050120E-01 1.553178547590056E-01 1.678157506410978E-01 1.808834471420844E-01 1.945681559894717E-01 2.017391653698202E-01 2.100065495613856E-01 2.186547406435742E-01 2.271697635624874E-01 2.355438661471332E-01 2.498590885391325E-01 2.648023678924357E-01 2.785493123146156E-01 2.923192252637965E-01 3.063563347683955E-01 3.226738536916204E-01 3.381508486478748E-01 3.542216072904567E-01 3.699719733902538E-01 3.863534914401722E-01 4.034720284419802E-01 4.223053255477770E-01 4.410717374996398E-01 4.595867876079780E-01 4.782707189412345E-01 4.981049581219149E-01 5.198429886061010E-01 5.421236924267246E-01 5.662717648085296E-01 5.906311098508175E-01 6.172333199988576E-01 6.495187532484862E-01 6.870714341664590E-01 7.276574353625019E-01 7.777082834715916E-01 8.441466528486624E-01 1.000000000000000E+00
 0.000000000000000E+00 4.927656824089330E-04 1.062064160955457E-03 1.920117340533383E-03 2.835125218899353E-03 3.950600393419189E-03 6.015172503961404E-03 8.918880285845664E-03 1.262128128469447E-02 1.703730254250254E-02 2.179060458381534E-02 2.706771450252160E-02 3.343153415207365E-02 4.119478996961393E-02 5.041691410091636E-02 6.190124580597584E-02 7.608873483760531E-02 9.318825482043624E-02 1.126202203608038E-01 1.343007270705431E-01 1.639795098845157E-01 2.009318085915866E-01 2.538410643461305E-01 3.181925261115670E-01 3.945573279195181E-01 4.817888995952331E-01 5.690289010283013E-01 6.539279170412016E-01 7.256792130083021E-01 7.801359524480993E-01 8.226809364623321E-01 8.570943994936598E-01 8.829632589628833E-01 9.039222351930730E-01 9.211094106872790E-01 9.353687674930927E-01 9.474436368849993E-01 9.576182577663569E-01 9.659109415504384E-01 9.724788361211937E-01 9.778205672814304E-01 9.823666458012072E-01 9.861950361739099E-01 9.894069457301883E-01 9.919453970439257E-01 9.940138530661111E-01 9.955834105951018E-01 9.968722605027385E-01 9.979752143939182E-01 9.990372507188007E-01 1.000000000000000E+00
 0.000000000000000E+00 2.479687306602939E-03 5.007203465354806E-03 8.005314206116863E-03 1.327014591746515E-02 1.965882581358488E-02 2.647224633518333E-02 3.352249752412000E-02 4.118066707918432E-02 5.024104253674749E-02 6.076988666223079E-02 7.244986456540863E-02 8.427638227410146E-02 9.778324914370437E-02 1.140370254311071E-01 1.343142878181942E-01 1.587236610683686E-01 1.870851338496621E-01 2.186173809528884E-01 2.530171715738981E-01 2.908506307738066E-01 3.319420363827844E-01 3.780588278944186E-01 4.285538859559676E-01 4.780451317453850E-01 5.275081035814392E-01 5.765819898974828E-01 6.212165741599007E-01 6.622881648265707E-01 6.974687191333572E-01 7.297585353975584E-01 7.589208686730339E-01 7.847150804798596E-01 8.085563658393390E-01 8.299311501587591E-01 8.475512824155638E-01 8.616597941836124E-01 8.750238233532012E-01 8.885568365712035E-01 9.021423559408174E-01 9.157804856183965E-01 9.278476953453036E-01 9.392322073798489E-01 9.498943327120829E-01 9.601955847850810E-01 9.697351269378544E-01 9.776791375454050E-01 9.841621848631781E-01 9.897541804330438E-01 9.947906002182377E-01 1.000000000000000E+00
 0.000000000000000E+00 1.751171039659724E-02 3.372358485392329E-02 5.400867766140362E-02 7.442443590904349E-02 9.995652472262402E-02 1.206787469650209E-01 1.433299158620971E-01 1.651111930904028E-01 1.865588961795153E-01 2.070599026165296E-01 2.269470941256240E-01 2.479411623769727E-01 2.685150441985976E-01 2.897110797843658E-01 3.118459612559307E-01 3.354767327900902E-01 3.599759790742292E-01 3.856004958559807E-01 4.121782796805363E-01 4.397978631006872E-01 4.667811642556516E-01 4.911383508210977E-01 5.144854576615475E-01 5.378784014737747E-01 5.585469859288369E-01 5.733427421163048E-01 5.911229019995609E-01 6.083657686713886E-01 6.235943312180736E-01 6.431709562687852E-01 6.684735448318062E-01 6.938907962073771E-01 7.194687576520855E-01 7.403677057106528E-01 7.599383703871694E-01 7.768042339334728E-01 7.926616442458149E-01 8.083345321973966E-01 8.232630773809040E-01 8.383199588303362E-01 8.532820659378956E-01 8.674578177299687E-01 8.814660686721469E-01 8.957330280361262E-01 9.108260491512860E-01 9.265220513703780E-01 9.427612482493588E-01 9.607677313814071E-01 9.789986490099094E-01 1.000000000000000E+00

#MAX nCub=1000 
!Max

#END
